4310000858448
4310000858454
6671308504630
9781807785345
9798215985656
9781444977226
4310000844306
4310000827067
9798233564468
4310000827080
9798261400080
8890090031530
4524815637540
4744073100000
4741350500000
4746071100000
6681259846230
7276000869125
4335238200320
7276000849796
7275000840847
4320000812220
7275999995709
4524815625800
4910000287219
8909131088151
4320000199877
4740203100000
8909131062016
4747360200000
8910126486912
8909131062015
4745090200000
6681310735120
8909131062017
4320000073905
8909130952965
7276000869126
4320000332285
4620000610496
8909130952964
4744172100000
4620000615051
4339325800310
4330021500300
7275999995697
6474824014436
4742111300000
4480000865311
8890090031524
4334339900320
4335379400320
6474824012487
4330008470000
8909130952962
6681253883700
4334068700320
4746633100000
8932125953616
4740147100000
8909130952963
4334340000320
4310000671489
4337222700310
8932131009225
7276000869130
4320000870155
4337485500310
4320000012538
4742861000000
4910000857871
9781970628289
4742111600000
1230010032619
4620000614488
4742111700000
8909131162310
4320000812797
4524815625810
1230010033739
8909131162309
4339083500310
4742410900000
4742190900000
7224000868346
7276000871214
7276000871213
7276000871216
4910000840166
8932130046321
9780008744540
7275000248324
1230010033838
8909131162311
7275000871784
4338997100310
4910000854753
8909131162312
8912131130713
8910122322914
4910000873092
9781807600822
4320000866294
4741351000000
7277130983500
4339358300310
9780008338824
8923000228782
1230010032138
8909131162307
4524815631030
7276000518481
4972000157906
8909131162308
4320000871641
4972000022863
1230010032060
8909131162305
9780349019093
4320000871638
8909126790973
7276000871215
8910130277394
8909131162306
9780802166203
4320000871639
8910122052691
4333808400320
4320000871642
4620000615041
4744062500000
4910000751649
4334824500320
4334824700320
4320000870130
4910000880888
9781398729681
8912130811918
8910122039536
7225000871951
4334824600320
4521562612016
4745380300000
4334824100320
6681311944240
9780802166180
4320000793635
4972000022864
1230010027394
8909130952954
4521562612015
8912130811922
4334313600320
4910000834235
7276000883053
9798261400103
8912129949193
8910122039535
4910000834236
9780008750565
4320000711062
4744083100000
4334823900320
4339358200310
9783593455532
4972000022862
1230010008560
7276000883054
9781035449859
8912130859514
7276000883056
4334824300320
4910000789609
1230010106549
7328129429396
4972000022861
1230009874985
7276000883058
9781035436842
4910000834237
7277131207273
4334823800320
4480000782013
9780008737108
9781967381098
4972000022860
1230009962798
8909130952956
9781035433711
4320000629656
4336755200310
4745440600000
4910000834234
4334824800320
8909130129221
9781835880593
9780349021836
8912129179968
4972000022859
1230009958265
8909130952958
9780349022536
4320000576978
4334638900310
7277131207274
4910000834224
8909130952955
9781633752320
9781035436880
7328128578491
4972000022857
7277131207270
9798228822894
7275000832012
4972000161473
8909131235245
9798887982854
7328127625232
8910122039537
7276000869830
9798232050689
4320000524731
4741272100000
4334824000320
4910000776388
9780349021676
8912131137692
4972000022858
8909131235246
4334824400320
9781529956832
8912131235448
4746160300000
7277131207271
4334824200320
4620000614939
9781399423359
7328126924107
8910122039539
5283512210001
9781035931262
4320000478137
7275000878609
8918128827883
4910000761717
4324712160008
4620000615063
8909131235242
7275000888266
4335706900320
4972000160597
8909131235241
9781649641557
7328126344760
4322343370003
4335380700320
7276000888291
4335473200320
8912131132052
4320000434631
4745241500000
4741800600000
7276000888289
5283512210002
6681264994120
8909131235243
9781594395239
7328126344759
4322343370002
4335132800320
4905055670652
9781786543127
8912131132053
4320000380303
4333919800310
4744930400000
7277131207266
7328131204803
8916125699251
8909131235244
9781408718063
4972000076955
4322343370001
4335706000320
7225000230248
9780369786074
4320000350735
4742290600000
8912124394692
4820000889484
9780593701874
7328125673985
9798231932719
4335375700320
7328131204790
4334646000320
7276000314372
4336565100310
7277131207264
7225000249012
4740202400000
9781722529079
7328125673984
7277131207265
4970000600713
7328131204788
4334645900320
7276000314371
4333139900310
7277131207267
4972000045047
7276000891912
9781624540691
7328125155581
8912131137934
6302300000740
7131312783360
4335020600320
8912131142315
4320000303277
4335357500310
7277131207269
4972000043118
7276000891907
9781808085741
7328124702903
4524815620270
7275000892817
7131312783540
4335473500320
4320000256749
8909126067799
7277131207268
4330333600310
7276000891908
9798232755805
7328124217185
4310000048781
6474824017376
4443559800002
7276000891910
9798217002214
8912131188972
4320000226246
4320000167992
4745841200000
7277131221519
4443559730004
6090000216501
7276000891914
9781526600240
9781648416415
4521562612014
6474824017215
6090000212155
9780008845988
8912130519479
4320000207521
8916130857156
4742080800000
7277131207260
7225000890438
6090000209194
7276000891909
9780008407124
8910121723466
6474824017291
4740211100000
7276000891906
9781398720138
4320000825265
7277131207259
4972000040507
4320000758771
9781035434534
9798232920562
4335076900310
6474824017185
6090000206622
1230010164051
4521562612013
4320000876766
4742221100000
7225000894517
7276000891915
9781966608929
9781408751329
4330012472000
7277131207254
6681313608860
4330333500310
9781804943403
4320000167159
6302300000745
4745800500000
7225000894515
6302300000751
7277131207262
6474824017277
9781835881118
4320000133906
4334425500310
8916131286859
4740203000000
8909131370026
8910131292214
6474824015242
8910131371207
9781529302288
8912130368329
8912131260774
4744350200000
8909131370025
4330676300320
8910122039538
8912131357824
8909131370023
4521562612012
4320000096015
4333172500310
4742451300000
4320000894566
7276000890541
8910131371205
5700000005710
6474824017338
4620000614951
4334606200320
8910131371206
4521562612011
4320000012754
4320000369623
4740294900000
4320000894520
8910131371203
8909131370024
9781408376737
8909130876840
4330108100310
4746051000000
8909131370021
7275000776157
4333172400310
4320000894553
8909131370020
9798232771720
9781408380499
4335601000320
8910122039541
4320000894548
8909131370022
7328121224705
4330008444000
4320000894545
8910131371202
4340008067821
4744005700000
4335131300320
4335922200320
8910131371204
9780008808976
7328121224704
8916130923354
4320000894589
8910131371201
8932131403873
1230010191897
7276000890535
4910000238970
4335921800320
9781835889619
4334067500320
8912130057618
7224000765878
8912131393968
4620000612732
4320000899462
9781836647423
8912129949165
4320000073906
9781835469576
8916131022115
8912121164941
7277131417461
8912121609940
4480000902042
9781386222972
7328131415887
4335759800320
1230006591830
8912129949152
8910131371210
8912129848054
4741840700000
7328131415884
6402019090018
9781666004663
7328121595395
9780008353988
4335922400320
4320000012539
9798341560109
8912129626028
9781408731178
1230010008195
4745241400000
7277131417460
4320000898777
4320000825270
4335923100320
9781386219965
4332416000320
4905055660051
4620000615024
8890090033789
4747910100000
7277131417459
4335445800320
4740313020000
9798232758400
8912131330785
8910122039540
7277131417465
7276000902394
9791097782474
8912131327853
7277131417464
7277131417462
4912173210001
4740313010000
8912131327852
4334759000320
4972000164864
8909130986906
8912131343534
6302850000338
7277131417452
4972000155772
4620000615073
7131314545050
8909131469293
9781807784065
8912131385761
4480000895030
4339518400300
4335380000320
7277131417451
7131314544980
4336891300320
8909131469298
4480000728421
9781837837137
9798903932269
4336891200320
4321909740007
8909131469294
7277131429464
4972000164858
4336890600320
8909131469299
4335017800320
9781474620987
9781444979497
4521562612010
7275000905565
9781529937886
4336891500320
4335766600320
7277131417454
7276000905598
4336891400320
8909131469296
7328131429096
9781807843694
4336890900320
7277131417450
4334201900320
7277131417455
4336891000320
8909131469295
4334339400320
1230010232392
9781408723708
8912129458171
4335235000310
4336891100320
4336406400320
4320000825267
7277131417456
8916131022122
4336890500320
8909131469297
4746300200000
9781035922765
9781472161437
4911382050001
4746300300000
4335990000320
7328131415890
4336891600320
4335779800320
9781250789181
8923000621958
4334341100320
4744211500000
7276000907881
4336890800320
7276000902387
7328121068523
9798887983189
9781035446322
4333163400320
4335020500320
8890090034036
7276000907878
4336890700320
1230009927926
9798230142836
9783641346270
7328129440447
4335764000320
4970100800055
4744231400000
7277131417447
8910131454047
4320000894518
9798217188192
9798890036599
6681266856100
4681304206212
8890090034038
4335920400320
7276000902389
9780008564988
4521562612009
4040000000762
8909131469227
4741620700000
7277131417445
9798235820920
7276000902393
9780008801540
9780241747179
6302850000016
4972000035022
8909131435064
4972000163253
6302300000763
1230010248041
8912129296573
4339231100300
4330024658000
4744720400000
7277131417446
4741350900000
9780008819583
4320000876772
9780008173227
1230010248126
8916130247627
7328121164065
6474824017994
7225000908865
6302300000762
9780008771577
9798232691899
4333841700300
8912131340581
4744651600000
7277131417448
4910000910235
6671315119730
4620000614952
9781408723272
9780008729103
8912121051829
8910130863425
7224000910117
4740313510000
7328131415835
4443560100007
8909131469226
7276000908978
4333452800320
1230010248133
9798896845737
4521562612008
4320000131677
7328122543422
4320000894523
4742651800000
4320000908838
5282909680016
8916131189390
7276000908976
8912124827925
